sigma	err_rms

0.56234132519	nan
0.659121559254	nan
0.772557893955	nan
0.905516882482	nan
1.06135841841	nan
1.24402064073	nan
1.45811945118	nan
1.7090651588	nan
2.00319919927	nan
2.34795438388	nan
2.75204272785	nan
3.22567560422	nan
3.7808217868	nan
4.43150990288	nan
5.1941829387	nan
6.08811375626	nan
7.13589212136	nan
8.3639955504	nan
9.80345840118	nan
11.4906561158	nan
13.4682244335	nan
15.7861368022	nan
18.502967215	nan
21.6873703839	nan
25.4198166545	nan
29.7946255036	nan
34.9223490069	nan
40.9325655062	nan
47.9771540738	nan
56.234132519	nan
